25
101
103
142
166
183
190
196
207
238
257
274
306
307
326
328
337
367
373
401
405
406
408
409
429
430
463
466
467
468
472
473
474
545
573
579
604
639
646
648
650
652
655
657
668
672
677
678
687
688
695
745
815
825
847
860
862
863
864
865
867
904
905
948
958
959
988
990
1022
1024
1026
1029
1044
1045
1046
1050
1051
1052
1053
1054
1059
1105
1107
1108
1112
1147
1240
1316
1385
1386
1387
1388
1389
1390
1406
1432
1482
1487
1488
1491
1499
1523
1540
1545
1602
1611
1616
1628
1642
1643
1647
1649
1654
1745
1746
1747
1748
1749
1750
1761
1786
1810
1811
1820
1827
1831
1832
1840
1856
1857
1869
1870
1871
1874
1875
1876
1877
1879
1896
1906
1958
1959
1960
1961
1997
1998
1999
2000
2001
2002
2004
2005
2016
2018
2019
2020
2023
2034
2044
2063
2077
2078
2099
2100
2101
2103
2104
2113
2114
2115
2116
2117
2118
2119
2120
2122
2128
2130
2145
2146
2175
2177
2186
2193
2200
2241
2245
2274
2290
2294
2295
2296
2297
2298
2299
2300
2301
2302
2303
2304
2305
2306
2307
2308
2309
2313
2316
2353
2354
2355
2494
2516
2521
2535
2551
2621
2623
2624
2625
2626
2627
2636
2637
2648
2649
2672
2717
2735
2736
2737
2738
2804
2852
2908
2909
2916
2928
2958
2959
2961
2962
2963
2965
2966
2967
2968
2969
2971
2972
2975
2976
3005
3006
3007
3008
3009
3010
3024
3054
3055
3065
3066
3084
3087
3090
3091
3093
3096
3097
3104
3110
3119
3123
3127
3131
3142
3146
3148
3149
3150
3159
3162
3164
3166
3167
3169
3170
3171
3172
3174
3175
3182
3191
3192
3195
3196
3198
3199
3200
3201
3202
3203
3204
3206
3207
3209
3211
3212
3213
3214
3215
3216
3217
3218
3219
3221
3222
3223
3224
3225
3226
3227
3228
3229
3232
3233
3234
3235
3236
3237
3238
3239
3275
3280
3281
3297
3298
3299
3303
3344
3383
3394
3397
3398
3399
3400
3428
3431
3456
3516
3551
3553
3556
3565
3567
3569
3586
3607
3630
3642
3651
3656
3659
3660
3661
3662
3663
3664
3665
3670
3689
3717
3720
3725
3726
3727
3728
3815
3845
3846
3860
3899
3965
3975
4005
4009
4010
4026
4040
4041
4057
4066
4084
4086
4087
4088
4089
4090
4091
4092
4093
4094
4097
4149
4150
4152
4154
4188
4193
4194
4204
4205
4207
4208
4209
4211
4212
4221
4222
4223
4233
4255
4261
4286
4294
4297
4298
4299
4300
4302
4303
4306
4330
4331
4335
4435
4486
4487
4488
4520
4591
4601
4602
4603
4605
4609
4610
4613
4615
4617
4618
4654
4656
4661
4665
4692
4693
4703
4760
4761
4762
4772
4773
4774
4775
4776
4778
4779
4780
4781
4782
4783
4784
4790
4791
4792
4793
4796
4798
4799
4800
4801
4802
4807
4808
4821
4824
4825
4838
4839
4841
4849
4851
4853
4854
4861
4862
4869
4899
4901
4904
4914
4921
4928
4929
4985
4990
5013
5015
5017
5036
5046
5071
5074
5075
5076
5077
5078
5079
5080
5081
5083
5087
5089
5090
5092
5093
5094
5178
5195
5201
5241
5245
5292
5300
5307
5308
5309
5314
5316
5319
5324
5325
5326
5341
5359
5361
5362
5364
5365
5371
5378
5396
5430
5431
5439
5440
5441
5449
5450
5451
5452
5453
5454
5455
5456
5457
5458
5459
5460
5462
5463
5465
5467
5468
5469
5514
5526
5530
5544
5555
5579
5583
5584
5587
5588
5590
5594
5595
5599
5600
5601
5602
5607
5610
5612
5621
5626
5629
5649
5687
5705
5716
5717
5718
5727
5728
5740
5741
5813
5888
5896
5914
5915
5916
5925
5926
5927
5931
5933
5934
5965
5966
5970
5971
5977
5978
5981
5987
5989
5990
5991
5992
5993
5994
6000
6015
6018
6036
6045
6047
6095
6096
6097
6118
6129
6130
6173
6233
6239
6256
6257
6258
6279
6280
6283
6294
6297
6299
6304
6314
6322
6375
6421
6424
6425
6439
6446
6469
6473
6474
6492
6493
6495
6496
6497
6498
6583
6591
6594
6595
6596
6597
6598
6599
6601
6602
6603
6604
6605
6608
6615
6618
6621
6631
6650
6656
6657
6658
6659
6660
6662
6663
6664
6665
6666
6667
6668
6670
6671
6672
6688
6689
6720
6721
6722
6736
6737
6741
6749
6756
6772
6773
6774
6775
6776
6777
6778
6788
6801
6827
6829
6830
6839
6850
6862
6871
6872
6873
6875
6877
6878
6879
6880
6881
6882
6883
6884
6885
6886
6887
6899
6908
6909
6910
6911
6913
6919
6925
6926
6927
6928
6929
6932
6934
6935
6936
6938
6939
6940
6941
6942
6943
6944
6945
6996
7003
7004
7005
7008
7013
7014
7019
7020
7021
7022
7023
7024
7025
7027
7029
7030
7040
7041
7050
7067
7068
7071
7072
7080
7088
7089
7090
7091
7097
7098
7099
7101
7110
7124
7128
7150
7153
7155
7157
7158
7161
7181
7182
7185
7186
7187
7188
7189
7227
7247
7249
7270
7275
7290
7291
7292
7293
7294
7311
7314
7316
7334
7335
7341
7342
7343
7374
7376
7391
7392
7409
7421
7422
7466
7468
7471
7472
7474
7479
7480
7486
7490
7494
7507
7538
7539
7541
7543
7544
7545
7546
7547
7549
7551
7552
7553
7554
7555
7556
7559
7561
7562
7564
7565
7566
7567
7568
7569
7570
7571
7572
7574
7576
7579
7580
7581
7582
7584
7586
7587
7589
7592
7593
7594
7596
7597
7620
7621
7625
7626
7627
7629
7633
7634
7637
7638
7639
7643
7644
7652
7673
7675
7678
7681
7690
7691
7692
7693
7694
7695
7697
7699
7700
7701
7702
7703
7704
7705
7707
7709
7710
7711
7712
7716
7718
7726
7727
7728
7730
7733
7737
7738
7739
7741
7743
7745
7746
7748
7750
7752
7753
7755
7757
7760
7761
7762
7763
7764
7766
7767
7768
7769
7770
7771
7772
7773
7775
7776
7789
7799
7804
7812
7832
7849
7862
7874
7913
7942
7975
7978
7988
7994
8013
8022
8028
8031
8061
8065
8085
8089
8091
8092
8106
8110
8175
8187
8193
8202
8204
8216
8233
8241
8242
8284
8289
8295
8320
8321
8322
8323
8328
8399
8403
8411
8427
8431
8433
8450
8451
8452
8453
8454
8456
8462
8463
8467
8470
8517
8521
8522
8531
8533
8538
8543
8545
8548
8553
8554
8576
8600
8609
8613
8625
8626
8629
8648
8690
8717
8721
8737
8767
8786
8787
8792
8804
8805
8820
8826
8837
8841
8848
8850
8856
8863
8864
8877
8880
8887
8896
8915
8926
8928
8929
8930
8932
8939
8945
8971
8986
8995
9013
9014
9015
9044
9063
9092
9095
9096
9112
9126
9139
9175
9181
9189
9202
9203
9204
9205
9208
9219
9232
9242
9247
9252
9278
9282
9310
9314
9318
9321
9324
9337
9338
9355
9406
9412
9421
9422
9439
9440
9447
9464
9480
9489
9496
9519
9534
9541
9569
9572
9575
9580
9586
9603
9604
9611
9612
9618
9628
9633
9640
9658
9667
9668
9681
9704
9705
9726
9734
9735
9745
9753
9757
9759
9760
9771
9774
9782
9792
9794
9817
9819
9830
9831
9839
9841
9849
9852
9869
9877
9878
9880
9889
9905
9907
9923
9925
9931
9933
9935
9967
9968
9969
9970
9971
9975
9987
9988
9994
10001
10002
10009
10013
10014
10025
10042
10056
10062
10081
10084
10113
10127
10150
10153
10154
10155
10168
10172
10180
10181
10193
10194
10196
10206
10210
10215
10221
10224
10265
10270
10274
10297
10302
10308
10320
10346
10362
10363
10365
10370
10379
10380
10389
10392
10401
10403
10411
10438
10454
10459
10463
10472
10474
10475
10481
10488
10499
10514
10519
10520
10522
10524
10538
10572
10573
10589
10612
10616
10620
10629
10655
10660
10661
10664
10691
10713
10716
10725
10732
10736
10743
10745
10765
10773
10780
10781
10782
10793
10794
10795
10847
10848
10865
10891
10892
10898
10902
10906
10923
10935
10946
10962
11016
11023
11035
11036
11043
11060
11063
11069
11074
11097
11105
11107
11108
11128
11143
11144
11166
11169
11176
11178
11179
11189
11198
11244
11261
11262
11266
11277
11278
11279
11281
11315
11317
11331
22797
22806
22807
22823
22834
22835
22847
22850
22869
22873
22877
22882
22887
22890
22891
22921
22926
22933
22938
22944
22954
22955
22976
22980
22992
22993
23013
23028
23036
23040
23047
23051
23054
23060
23082
23085
23090
23091
23099
23109
23118
23119
23125
23126
23129
23131
23144
23152
23185
23186
23211
23217
23261
23264
23269
23300
23309
23314
23316
23318
23352
23361
23367
23373
23376
23389
23394
23410
23411
23414
23421
23429
23435
23440
23462
23476
23493
23503
23512
23515
23522
23528
23567
23583
23586
23589
23598
23608
23609
23619
23635
23648
23650
23654
23660
23678
23741
23764
24149
25792
25799
25803
25806
25819
25833
25850
25855
25865
25888
25909
25925
25937
25942
25943
25946
25950
25976
25988
26009
26013
26036
26040
26046
26048
26137
26145
26149
26152
26205
26257
26292
26298
26468
26499
26508
26574
26747
26959
26974
26993
27000
27022
27023
27033
27086
27097
27107
27125
27148
27153
27164
27245
27254
27287
27300
27319
27324
27332
27335
28227
28984
28996
28999
29066
29068
29087
29108
29117
29128
29803
29841
29842
29855
29882
29883
29911
29935
29942
29950
29956
29966
29982
29994
30009
30012
30062
30812
30813
30818
30827
30832
49854
49855
50485
50488
50674
50804
50805
50809
50943
50945
51001
51008
51027
51042
51043
51058
51078
51085
51087
51123
51132
51138
51147
51157
51176
51193
51222
51230
51270
51274
51276
51282
51317
51333
51341
51351
51360
51364
51385
51427
51442
51444
51450
51454
51455
51513
51523
51545
51548
51564
51567
51574
51586
51588
51592
51599
51616
51621
51663
51684
51710
51741
51742
51804
53335
53336
53615
53840
54039
54101
54106
54107
54108
54345
54360
54386
54434
54439
54457
54531
54542
54583
54585
54620
54626
54700
54729
54738
54753
54790
54796
54802
54807
54811
54815
54840
54856
54862
54870
54880
54897
54925
54927
54934
54937
54941
54961
54971
54989
54993
55056
55072
55079
55132
55139
55145
55193
55205
55223
55279
55311
55320
55323
55366
55367
55422
55432
55502
55509
55534
55552
55558
55565
55609
55621
55628
55635
55636
55657
55659
55663
55689
55696
55713
55729
55734
55758
55762
55769
55770
55775
55778
55781
55786
55789
55796
55802
55806
55809
55810
55814
55818
55840
55854
55859
55869
55888
55892
55893
55897
55900
55905
55914
55922
55929
55954
56033
56242
56655
56675
56676
56731
56751
56829
56849
56888
56906
56917
56931
56938
56956
56978
56979
56980
56987
56992
56995
56998
57057
57109
57116
57118
57162
57167
57169
57180
57181
57209
57215
57232
57282
57335
57336
57343
57459
57473
57474
57479
57491
57492
57496
57504
57506
57507
57540
57541
57547
57567
57573
57580
57585
57591
57592
57593
57594
57615
57616
57621
57623
57634
57645
57659
57664
57670
57677
57684
57693
57708
57711
57727
57761
57786
57798
57801
57822
57862
58158
58484
58486
58487
58491
58492
58495
58499
58500
58508
58509
58524
58525
59269
59307
59335
59336
59348
60312
60313
60401
60436
60468
60485
60529
60592
63876
63920
63925
63934
63946
63947
63948
63950
63951
63973
63974
63976
63977
63978
64062
64067
64127
64145
64211
64215
64218
64288
64318
64320
64321
64324
64332
64344
64375
64376
64393
64397
64412
64423
64506
64641
64651
64710
64718
64754
64761
64763
64764
64784
64798
64843
64852
64864
64919
64925
65012
65056
65243
65251
65980
65982
65986
65988
65992
65998
66008
79027
79050
79088
79092
79149
79175
79177
79190
79191
79192
79230
79364
79365
79413
79596
79603
79618
79670
79673
79692
79698
79723
79724
79725
79727
79733
79744
79750
79755
79759
79776
79788
79797
79800
79816
79818
79830
79842
79844
79862
79872
79882
79891
79894
79898
79918
79923
79943
79960
79973
79977
80032
80034
80095
80108
80110
80139
80152
80205
80243
80264
80279
80298
80312
80317
80319
80320
80345
80709
80712
80714
80726
80742
80764
80778
80818
80829
81030
81566
81603
81627
81628
81789
81856
81870
81931
83439
83463
83482
83591
83595
83643
83696
83737
83741
83744
83852
83855
83860
83881
83933
84106
84107
84108
84124
84146
84148
84159
84163
84166
84172
84181
84215
84256
84307
84327
84330
84433
84435
84436
84437
84444
84449
84450
84456
84458
84460
84503
84504
84524
84525
84527
84528
84542
84547
84614
84619
84622
84627
84654
84656
84662
84667
84671
84684
84699
84733
84765
84775
84807
84838
84839
84844
84851
84858
84868
84872
84874
84875
84878
84891
84905
84911
84913
84914
84922
84924
84944
84948
84969
85363
85416
85441
85446
85451
85460
85464
85474
85508
89780
89870
89884
89887
90075
90233
90268
90316
90317
90321
90326
90333
90338
90441
90485
90576
90589
90592
90594
90649
90655
90665
90827
90843
90850
90874
90957
90987
90993
91012
91074
91120
91133
91151
91283
91392
91464
91584
91603
91612
91614
91661
91662
91664
91748
91752
91975
92140
92283
92285
92399
92565
92595
92806
92822
92999
93035
93134
93166
93349
93624
93649
93986
94039
94104
94234
96764
112770
113251
113763
113835
114026
114034
114548
114609
114785
114793
114803
114991
115098
115196
115426
115509
115560
115950
115992
116039
116071
116092
116113
116115
116412
116448
117154
117581
117608
118471
118472
118738
120237
120863
121268
121274
121340
121536
121549
121599
121643
122953
124245
124411
124535
124944
124961
125893
125919
126017
126068
126069
126070
126123
126208
126231
126295
126299
126375
126626
127343
127396
127540
127665
128209
128408
128553
128611
129025
129285
129685
130497
130557
130916
131540
132243
132625
132660
133522
133746
133923
134187
134218
135112
135644
135935
136051
136259
136319
137209
137735
137814
138151
138474
138715
139324
139628
139735
140432
140467
140612
140628
140685
140690
140883
144348
144455
145258
145783
145873
146050
146198
146434
146540
146542
147657
147658
147660
147686
147687
147694
147741
147807
147808
147837
147912
147923
147929
147947
147948
147949
148022
148103
148156
148198
148206
148213
148254
148266
148268
148327
148979
149041
149076
149483
149951
150094
150372
150572
150684
150726
150921
151126
151556
152485
152518
152687
152815
153090
153222
153527
153572
155054
155061
157848
158399
158405
158431
158506
158586
158800
159119
159296
161882
162239
162655
162962
162963
162966
162967
162968
162972
162979
162993
163033
163049
163050
163051
163059
163071
163081
163087
163115
163126
163131
163223
163227
163255
163732
165215
166793
166815
166968
167465
167826
168374
168417
168451
168544
168620
168850
169270
169792
169834
169841
170302
170463
170622
170691
170825
170959
170960
171017
171019
171392
195828
196446
196528
197320
197358
197407
199221
199692
199704
199745
199746
199777
200014
200186
200350
200424
200576
201181
201501
201514
201516
201798
203245
203447
203523
204219
205717
219409
219578
219749
220047
220202
220359
220929
220992
221302
221504
221527
221785
221786
221833
221895
221937
222487
222546
222696
222894
245806
246243
252884
253461
253639
253738
253782
254251
255403
255877
256051
256297
256380
257101
257218
257397
259282
260434
266743
282890
282996
283078
283150
283248
283337
283489
283571
283629
283847
283933
283999
284306
284307
284309
284312
284323
284346
284349
284355
284370
284371
284390
284391
284406
284443
284459
284695
284697
285267
285268
285315
285346
285349
285550
285613
285676
285971
285989
286128
286380
286430
317761
333929
338382
338917
339318
339324
339327
339344
339488
339500
339559
340069
340252
340260
340385
340784
342132
342357
342892
342900
342908
342909
342926
342933
342945
343472
343930
344018
344022
344167
344191
344787
345222
345462
346157
346171
346389
347344
347741
347853
348327
349075
349334
353088
353274
353355
360023
360030
374655
374879
374899
374900
374928
376940
387032
387104
387264
387332
387640
388523
388536
388553
388558
388561
388566
388567
388569
388585
388962
389058
389114
389136
389206
389421
389524
389549
389692
390010
390259
390598
390874
390927
390980
390992
391104
391723
399823
400713
400720
402381
403341
404281
407043
431707
440097
440275
440515
440563
440695
441234
442319
442425
442920
503582
503834
503835
619279
641339
642623
642658
642843
643314
643641
643836
644168
644524
645832
647219
647589
652991
653121
653404
653427
653857
654254
693140
693217
727857
727940
728116
728340
728361
728689
728927
728957
729288
729747
730051
730087
730249
730291
731220
100101467
100125288
100128927
100129543
100129654
100129842
100130086
100131017
100131390
100131539
100131827
100131980
100132074
100132396
100271849
100287226
100289635
100289678
100293516
100302168
100302237
100302258
100313781
100379661
100381270
100422995
100423031
100500827
100500914
100506164
100506243
100506403
100507290
100526761
100616248
100616250
100616346
100616358
100616393
100616394
100616408
100616483
100847037
100847042
101060200
101928160
102464826
102464833
102465248
102465249
102465438
102465452
102465499
102465508
102465532
102465665
102465802
102465879
102466730
102466740
102466757
102724594
102725117
105373378
107983990
107984053
107987491
